276 327 108 344 103 119 107 104 103 307 103 106 101 122 107 110 315 109 108 318 297 104 313 106 338 302 336 103 330 333 114 337 338 296 102 111 315 107 291 102 109 313 358 105 360 324 111 333 331 104 308
213 330 100 271 100 100 100 100 100 226 100 100 100 100 100 100 216 100 100 206 218 100 209 100 213 226 217 100 219 215 100 221 211 210 100 100 208 100 213 100 100 251 222 100 213 216 100 231 208 100 216
213 214 100 210 100 100 100 100 100 219 100 100 100 100 100 100 216 100 100 206 213 100 209 100 213 226 217 100 212 215 100 221 211 210 100 100 208 100 213 100 100 216 219 100 213 216 100 228 207 100 202
213 214 100 210 100 100 100 100 100 219 100 100 100 100 100 100 216 100 100 206 213 100 209 100 213 226 217 100 212 215 100 221 211 210 100 100 208 100 213 100 100 216 219 100 213 216 100 228 207 100 202
213 214 100 210 100 100 100 100 100 219 100 100 100 100 100 100 216 100 100 206 213 100 209 100 213 226 217 100 212 215 100 221 211 210 100 100 208 100 213 100 100 216 219 100 213 216 100 228 207 100 202
213 214 100 210 100 100 100 100 100 219 100 100 100 100 100 100 216 100 100 206 213 100 209 100 213 226 217 100 212 215 100 221 211 210 100 100 208 100 213 100 100 216 219 100 213 216 100 228 207 100 202
213 214 100 210 100 100 100 100 100 219 100 100 100 100 100 100 216 100 100 206 213 100 209 100 213 226 217 100 212 215 100 221 211 210 100 100 208 100 213 100 100 216 219 100 213 216 100 228 207 100 202
213 214 100 210 100 100 100 100 100 219 100 100 100 100 100 100 216 100 100 206 213 100 209 100 213 226 217 100 212 215 100 221 211 210 100 100 208 100 213 100 100 216 219 100 213 216 100 228 207 100 202
213 214 100 210 100 100 100 100 100 219 100 100 100 100 100 100 216 100 100 206 213 100 209 100 213 226 217 100 212 215 100 221 211 210 100 100 208 100 213 100 100 216 219 100 213 216 100 228 207 100 202
213 214 100 210 100 100 100 100 100 219 100 100 100 100 100 100 216 100 100 206 213 100 209 100 213 226 217 100 212 215 100 221 211 210 100 100 208 100 213 100 100 216 219 100 213 216 100 228 207 100 202
213 214 100 210 100 100 100 100 100 219 100 100 100 100 100 100 216 100 100 206 213 100 209 100 213 226 217 100 212 215 100 221 211 210 100 100 208 100 213 100 100 216 219 100 213 216 100 228 207 100 202
213 214 100 210 100 100 100 100 100 219 100 100 100 100 100 100 216 100 100 206 213 100 209 100 213 226 217 100 212 215 100 221 211 210 100 100 208 100 213 100 100 216 219 100 213 216 100 228 207 100 202
213 214 100 210 100 100 100 100 100 219 100 100 100 100 100 100 216 100 100 206 213 100 209 100 213 226 217 100 212 215 100 221 211 210 100 100 208 100 213 100 100 216 219 100 213 216 100 228 207 100 202
213 214 100 210 100 100 100 100 100 219 100 100 100 100 100 100 216 100 100 206 213 100 209 100 213 226 217 100 212 215 100 221 211 210 100 100 208 100 213 100 100 216 219 100 213 216 100 228 207 100 202
