82 62 82 74 74 72 62 82 82 94 62 92 68 116 72 82 82 84 72 72 82 72 82 72 82 72 62 84 72 82 82 72 66 84 72 62 72 56 82 78 82 72 82 72 72 62 72 82 72 62 62
82 62 82 74 74 72 62 82 82 94 106 92 68 116 72 82 82 84 72 72 82 72 82 72 82 72 62 84 72 82 82 72 66 84 72 62 72 56 82 78 82 72 82 72 72 62 72 82 72 62 62
82 62 82 74 74 72 62 82 82 94 62 92 68 116 72 82 82 84 72 72 82 72 82 72 82 72 62 84 72 82 82 72 66 84 72 62 72 56 82 78 82 72 82 72 72 62 72 82 72 62 62
82 62 82 74 74 72 62 82 82 94 62 92 68 116 72 82 82 84 72 72 82 72 82 72 82 72 62 84 72 82 82 72 66 84 72 62 72 56 82 78 82 72 82 72 72 62 72 82 72 62 62
82 62 82 74 110 72 62 82 82 94 106 134 106 82 72 82 82 84 72 72 124 72 126 72 82 72 62 84 72 82 82 72 66 84 72 62 72 56 82 78 82 72 82 72 72 62 72 82 72 62 98
82 100 126 74 74 72 62 82 128 94 62 92 68 82 72 82 82 84 72 72 118 72 82 72 82 106 106 84 72 82 82 72 102 84 72 98 72 56 82 78 120 72 82 106 72 62 106 82 118 62 62
82 62 82 74 74 108 62 126 82 94 62 92 68 82 110 82 116 84 116 72 120 72 82 72 82 72 106 84 72 82 82 72 66 84 72 62 72 135 82 122 82 106 82 72 108 96 163 82 72 62 62
82 62 82 74 74 72 62 82 82 94 62 92 68 82 72 82 82 84 72 72 82 72 88 72 82 72 62 84 72 82 128 116 102 84 72 62 72 56 82 78 82 72 128 72 72 100 72 82 72 63 137
82 62 82 74 74 72 62 82 82 94 62 92 68 82 72 82 82 84 72 72 82 72 88 110 82 115 62 84 72 82 82 72 100 84 72 62 72 58 118 78 82 72 82 72 72 62 72 82 118 62 62
82 62 128 74 74 96 62 82 165 94 106 92 68 82 72 82 82 84 806 72 82 72 894 715 84 74 786 84 690 82 120 72 66 84 72 64 72 58 82 78 82 112 82 110 72 62 1121 82 850 62 62
82 1204 82 76 74 96 62 82 82 94 62 92 68 82 118 82 82 84 1121 72 82 72 787 1326 84 74 231 86 1348 118 1121 72 66 84 116 64 72 96 82 78 1174 62 82 72 72 1181 135 298 902 62 62
82 309 82 76 74 96 804 82 82 94 62 92 70 82 1222 1025 82 84 171 72 82 72 66 240 120 116 66 86 1223 128 1266 1300 102 84 72 100 72 58 82 78 62 62 82 72 72 921 48 1121 796 62 62
82 20 959 76 74 96 110 82 1070 94 38 92 70 82 1348 1109 710 84 54 94 1167 72 66 88 84 74 66 86 286 1011 1244 808 1189 84 276 64 914 58 1058 78 62 62 82 1244 72 987 48 1034 110 62 62
82 20 32 76 74 96 110 82 842 94 38 92 70 58 76 143 52 84 92 94 56 72 66 88 84 74 66 1238 286 52 996 52 48 84 58 64 854 58 423 78 62 62 82 838 72 100 90 40 110 62 42
