1693747 21883 784867 7117824 1492619 1139150 129263 2217349 262434 2419452 181978 572829 1064650 119496 1027849 74904 2727882 437196 3548581 1204082 559825 1120714 4213892 2396087 630807 2744395 40384 214424 8660472 103640 2051729 9734624 124104 14803139 115506 899295 1790403 915195 7403810 10877422 402602 2095266 332094 9110623 5183488 412772 9542351 154099 64409 577211 6840192
4233 8345 13109 2345 1425 9494 3838 26687 15815 1559 23593 4096 5723 3144 8846 21692 6239 2558 5403 9795 1456 7937 37838 1986 3201 15245 13402 5677 19762 5204 11742 22311 25073 10222 7531 10310 1441 3284 3497 8081 675 39447 4625 22155 384 26122 9854 10045 5880 8952 1407
1519 1326 3479 476 831 367 136 4630 1130 545 3149 12 1306 636 1648 5383 2669 1402 773 3741 233 2419 1686 1201 1438 1105 1211 904 1509 886 1407 3405 10525 5087 971 230 825 611 788 1229 407 13445 677 1655 173 987 4296 3653 974 603 359
0 305 266 0 37 62 165 59 7 164 237 165 1 0 26 0 52 0 165 349 0 163 98 0 54 164 0 171 134 164 165 178 880 51 145 164 0 163 164 122 7 176 258 63 161 52 176 52 1 67 15
0 218 6479947249 0 0 61 165 51 0 165 19831849352 165 0 0 0 0 51 0 165 217 0 165 165 0 51 165 0 182 0 165 165 182 0 51 165 165 0 165 165 51 0 182 217 61 165 51 182 51 0 61 0
0 218 6479947249 0 0 61 165 51 0 165 76549922659 165 0 0 0 0 51 0 165 217 0 165 165 0 51 165 0 182 0 165 165 182 0 51 165 165 0 165 165 51 0 182 217 61 165 51 182 51 0 61 0
0 218 6073960811 0 0 61 165 51 0 165 23695249750 165 0 0 0 0 51 0 165 217 0 165 165 0 51 165 0 182 0 165 165 182 0 51 165 165 0 165 165 51 0 182 217 61 165 51 182 51 0 61 0
0 218 6043918200 0 0 61 165 51 0 165 19795146125 165 0 0 0 0 51 0 165 217 0 165 165 0 51 165 0 182 0 165 165 182 0 51 165 165 0 165 165 51 0 182 217 61 165 51 182 51 0 61 0
0 218 8041029014 0 0 61 165 51 0 165 44844982 165 0 0 0 0 51 0 165 217 0 165 165 0 51 165 0 182 0 165 165 182 0 51 165 165 0 165 165 51 0 182 217 61 165 51 182 51 0 61 0
0 218 8041029014 0 0 61 165 51 0 165 0 165 0 0 0 0 51 0 165 217 0 165 165 0 51 165 0 182 0 165 165 182 0 51 165 165 0 165 165 51 0 182 217 61 165 51 182 51 0 61 0
0 218 99714348062 0 0 61 165 51 0 165 0 165 0 0 0 0 51 0 165 217 0 165 165 0 51 165 0 182 0 165 165 182 0 51 165 165 0 165 165 51 0 182 217 61 165 51 182 51 0 61 0
0 218 5089508675 0 0 61 165 51 0 165 0 165 0 0 0 0 51 0 165 217 0 165 165 0 51 165 0 182 0 165 165 182 0 51 165 165 0 165 165 51 0 182 217 61 165 51 182 51 0 61 0
0 218 58861887883 0 0 61 165 51 0 165 0 165 0 0 0 0 51 0 165 217 0 165 165 0 51 165 0 182 0 165 165 182 0 51 165 165 0 165 165 51 0 182 217 61 165 51 182 51 0 61 0
0 218 60858998697 0 0 61 165 51 0 165 0 165 0 0 0 0 51 0 165 217 0 165 165 0 51 165 0 182 0 165 165 182 0 51 165 165 0 165 165 51 0 182 217 61 165 51 182 51 0 61 0
