5765 25889 38247 63404 20049 6766 15288 2959 91111 392134 151339 7638 29620 11508 275014 26125 512925 188946 852539 76011 349085 22908 42628 38049 55349 42706 33419 259597 94458 23377 79969 174032 248881 350456 20564 56535 93202 324689 142910 25605 21148 7346 17867 592156 54902 161328 143806 158899 6279673 16475 20998
3632 9222 4871 2336 3683 4679 1216 1917 3926 4237 3963 3699 1215 3570 3173 5217 8580 12181 5037 8722 5837 8053 2948 7845 5418 13240 1751 2952 3224 1723 2297 10738 2386 4743 3737 1871 7596 11717 6360 6731 5536 3144 2514 4377 2639 4198 8906 3192 2535 4962 11031
1759 627 126 983 63 1066 94 477 90 294 1359 333 879 655 110 1286 701 280 1558 295 646 205 2775 369 133 606 288 155 1111 584 434 1105 191 108 121 33 401 1498 143 1634 2225 721 75 1883 2246 790 240 99 89 687 1258
27 83 12 117 10 14 12 58 27 17 60 100 845 99 15 29 47 29 39 146 314 96 2751 4 58 76 226 9 123 43 21 11 69 58 18 3 25 51 43 22 84 69 41 54 88 7 10 11 32 35 17
24 76 10 68 9 12 10 8 25 16 56 63 796 45 14 9 19 29 10 142 249 86 2741 4 52 75 204 7 37 23 13 8 63 58 15 1 11 12 43 13 11 39 39 4 7 5 9 10 28 8 9
24 76 10 65 9 12 10 8 25 16 56 63 796 42 14 9 19 29 9 142 249 86 2741 4 52 75 204 7 27 22 13 8 63 58 15 1 11 12 43 13 7 39 39 4 5 5 9 10 28 5 9
24 76 10 65 9 12 10 8 25 16 56 63 796 42 14 9 19 29 9 142 249 86 2741 4 52 75 204 7 27 22 13 8 63 58 15 1 11 12 43 13 7 39 39 4 5 5 9 10 28 5 9
24 76 10 65 9 12 10 8 25 16 56 63 796 42 14 9 19 29 9 142 249 86 2741 4 52 75 204 7 27 22 13 8 63 58 15 1 11 12 43 13 7 39 39 4 5 5 9 10 28 5 9
24 76 10 65 9 12 10 8 25 16 56 63 796 42 14 9 19 29 9 142 249 86 2741 4 52 75 204 7 27 22 13 8 63 58 15 1 11 12 43 13 7 39 39 4 5 5 9 10 28 5 9
24 76 10 65 9 12 10 8 25 16 56 63 796 42 14 9 19 29 9 142 249 86 2741 4 52 75 204 7 27 22 13 8 63 58 15 1 11 12 43 13 7 39 39 4 5 5 9 10 28 5 9
24 76 10 65 9 12 10 8 25 16 56 63 796 42 14 9 19 29 9 142 249 86 2741 4 52 75 204 7 27 22 13 8 63 58 15 1 11 12 43 13 7 39 39 4 5 5 9 10 28 5 9
24 76 10 65 9 12 10 8 25 16 56 63 796 42 14 9 19 29 9 142 249 86 2741 4 52 75 204 7 27 22 13 8 63 58 15 1 11 12 43 13 7 39 39 4 5 5 9 10 28 5 9
24 76 10 65 9 12 10 8 25 16 56 63 796 42 14 9 19 29 9 142 249 86 2741 4 52 75 204 7 27 22 13 8 63 58 15 1 11 12 43 13 7 39 39 4 5 5 9 10 28 5 9
24 76 10 65 9 12 10 8 25 16 56 63 796 42 14 9 19 29 9 142 249 86 2741 4 52 75 204 7 27 22 13 8 63 58 15 1 11 12 43 13 7 39 39 4 5 5 9 10 28 5 9
