1074 1062 1058 1061 1206 997 1075 941 989 573 1211 1108 1116 841 1205 1060 1113 1049 1073 1058 1093 838 1108 1075 1059 1163 1219 1188 1113 1110 1110 1111 1117 983 1110 838 1111 948 838 938 1080 934 982 812 1081 1113 1077 1113 900 1114 902
1072 1058 1058 1058 1205 997 1072 934 982 569 1205 1108 1108 837 1205 1058 1108 1037 1072 1058 982 837 1108 982 1058 1160 1205 1187 1108 1108 1108 1108 1108 982 1108 825 1108 934 837 934 1072 934 982 477 982 1113 1072 1108 898 1108 898
1072 1058 1058 1058 1205 997 1072 934 982 569 1205 1108 1108 837 1205 1058 1108 1036 1072 1058 982 837 1108 982 1058 1160 1205 1187 1108 1108 1108 1108 1108 982 1108 825 1108 934 837 934 1072 934 982 477 982 1113 1072 1108 898 1108 898
1072 1058 1058 1058 1205 997 1072 934 982 569 1205 1108 1108 837 1205 1058 1108 1036 1072 1058 982 837 1108 982 1058 1160 1205 1187 1108 1108 1108 1108 1108 982 1108 825 1108 934 837 934 1072 934 982 477 982 1113 1072 1108 898 1108 898
1072 1058 1058 1058 1205 997 1072 934 982 569 1205 1108 1108 837 1205 1058 1108 1036 1072 1058 982 837 1108 982 1058 1160 1205 1187 1108 1108 1108 1108 1108 982 1108 825 1108 934 837 934 1072 934 982 477 982 1113 1072 1108 898 1108 898
1072 1058 1058 1058 1205 997 1072 934 982 569 1205 1108 1108 837 1205 1058 1108 1036 1072 1058 982 837 1108 982 1058 1160 1205 1187 1108 1108 1108 1108 1108 982 1108 825 1108 934 837 934 1072 934 982 477 982 1113 1072 1108 898 1108 898
1072 1058 1058 1058 1205 997 1072 934 982 569 1205 1108 1108 837 1205 1058 1108 1036 1072 1058 982 837 1108 982 1058 1160 1205 1187 1108 1108 1108 1108 1108 982 1108 825 1108 934 837 934 1072 934 982 477 982 1113 1072 1108 898 1108 898
1072 1058 1058 1058 1205 997 1072 934 982 569 1205 1108 1108 837 1205 1058 1108 1036 1072 1058 982 837 1108 982 1058 1160 1205 1187 1108 1108 1108 1108 1108 982 1108 825 1108 934 837 934 1072 934 982 477 982 1113 1072 1108 898 1108 898
1072 1058 1058 1058 1205 997 1072 934 982 569 1205 1108 1108 837 1205 1058 1108 1036 1072 1058 982 837 1108 982 1058 1160 1205 1187 1108 1108 1108 1108 1108 982 1108 825 1108 934 837 934 1072 934 982 477 982 1113 1072 1108 898 1108 898
1072 1058 1058 1058 1205 997 1072 934 982 569 1205 1108 1108 837 1205 1058 1108 1036 1072 1058 982 837 1108 982 1058 1160 1205 1187 1108 1108 1108 1108 1108 982 1108 825 1108 934 837 934 1072 934 982 477 982 1113 1072 1108 898 1108 898
1072 1058 1058 1058 1205 997 1072 934 982 569 1205 1108 1108 837 1205 1058 1108 1036 1072 1058 982 837 1108 982 1058 1160 1205 1187 1108 1108 1108 1108 1108 982 1108 825 1108 934 837 934 1072 934 982 477 982 1113 1072 1108 898 1108 898
1072 1058 1058 1058 1205 997 1072 934 982 569 1205 1108 1108 837 1205 1058 1108 1036 1072 1058 982 837 1108 982 1058 1160 1205 1187 1108 1108 1108 1108 1108 982 1108 825 1108 934 837 934 1072 934 982 477 982 1113 1072 1108 898 1108 898
1072 1058 1058 1058 1205 997 1072 934 982 569 1205 1108 1108 837 1205 1058 1108 1036 1072 1058 982 837 1108 982 1058 1160 1205 1187 1108 1108 1108 1108 1108 982 1108 825 1108 934 837 934 1072 934 982 477 982 1113 1072 1108 898 1108 898
1072 1058 1058 1058 1205 997 1072 934 982 569 1205 1108 1108 837 1205 1058 1108 1036 1072 1058 982 837 1108 982 1058 1160 1205 1187 1108 1108 1108 1108 1108 982 1108 825 1108 934 837 934 1072 934 982 477 982 1113 1072 1108 898 1108 898
