511 508 485 482 483 508 507 508 507 484 508 510 507 508 486 508 486 483 507 509 507 507 507 485 485 508 485 487 483 508 485 485 508 508 507 507 486 507 507 489 612 508 508 508 483 512 484 507 484 507 507
483 506 477 479 476 506 506 506 506 477 506 506 506 507 477 507 476 482 506 507 506 506 506 476 476 507 477 477 476 506 476 479 506 506 506 506 477 506 506 477 520 506 507 506 477 506 480 506 477 506 506
476 506 477 479 476 506 506 506 506 477 506 506 506 507 477 507 476 476 506 507 506 506 506 476 476 507 476 477 476 506 476 479 506 506 506 506 476 506 506 477 484 506 507 506 477 506 476 506 477 506 506
476 506 477 479 476 506 506 506 506 477 506 506 506 507 477 507 476 476 506 507 506 506 506 476 476 507 476 477 476 506 476 479 506 506 506 506 476 506 506 477 476 506 507 506 477 506 476 506 477 506 506
476 506 477 479 476 506 506 506 506 477 506 506 506 507 477 507 476 476 506 507 506 506 506 476 476 507 476 477 476 506 476 479 506 506 506 506 476 506 506 477 476 506 507 506 477 506 476 506 477 506 506
476 506 477 479 476 506 506 506 506 477 506 506 506 507 477 507 476 476 506 507 506 506 506 476 476 507 476 477 476 506 476 479 506 506 506 506 476 506 506 477 476 506 507 506 477 506 476 506 477 506 506
476 506 477 479 476 506 506 506 506 477 506 506 506 507 477 507 476 476 506 507 506 506 506 476 476 507 476 477 476 506 476 479 506 506 506 506 476 506 506 477 476 506 507 506 477 506 476 506 477 506 506
476 506 477 479 476 506 506 506 506 477 506 506 506 507 477 507 476 476 506 507 506 506 506 476 476 507 476 477 476 506 476 479 506 506 506 506 476 506 506 477 476 506 507 506 477 506 476 506 477 506 506
476 506 477 479 476 506 506 506 506 477 506 506 506 507 477 507 476 476 506 507 506 506 506 476 476 507 476 477 476 506 476 479 506 506 506 506 476 506 506 477 476 506 507 506 477 506 476 506 477 506 506
476 506 477 479 476 506 506 506 506 477 506 506 506 507 477 507 476 476 506 507 506 506 506 476 476 507 476 477 476 506 476 479 506 506 506 506 476 506 506 477 476 506 507 506 477 506 476 506 477 506 506
476 506 477 479 476 506 506 506 506 477 506 506 506 507 477 507 476 476 506 507 506 506 506 476 476 507 476 477 476 506 476 479 506 506 506 506 476 506 506 477 476 506 507 506 477 506 476 506 477 506 506
476 506 477 479 476 506 506 506 506 477 506 506 506 507 477 507 476 476 506 507 506 506 506 476 476 507 476 477 476 506 476 479 506 506 506 506 476 506 506 477 476 506 507 506 477 506 476 506 477 506 506
476 506 477 479 476 506 506 506 506 477 506 506 506 507 477 507 476 476 506 507 506 506 506 476 476 507 476 477 476 506 476 479 506 506 506 506 476 506 506 477 476 506 507 506 477 506 476 506 477 506 506
476 506 477 479 476 506 506 506 506 477 506 506 506 507 477 507 476 476 506 507 506 506 506 476 476 507 476 477 476 506 476 479 506 506 506 506 476 506 506 477 476 506 507 506 477 506 476 506 477 506 506
