90 126 139 111 105 92 146 106 115 91 75 120 138 133 92 135 111 130 71 176 179 99 102 127 159 114 107 109 109 86 156 119 186 132 106 122 164 94 110 110 95 131 95 82 117 156 134 140 104 94 105
34 17 23 22 19 13 7 4 13 20 5 60 14 12 19 14 5 8 13 44 9 26 11 26 14 9 10 19 52 4 26 7 24 23 12 22 9 18 16 9 13 7 20 17 11 7 97 8 6 15 29
5 16 17 22 19 13 7 4 10 20 4 13 14 11 18 14 5 8 13 9 9 25 10 26 11 9 9 19 11 4 12 7 24 23 11 21 9 18 16 9 13 6 20 17 10 7 13 8 6 15 17
5 16 17 22 19 13 7 4 10 20 4 13 14 11 18 14 5 8 13 9 9 25 10 26 11 9 9 19 11 4 12 7 24 23 11 21 9 18 16 9 13 6 20 17 10 7 13 8 6 15 17
5 16 17 22 19 13 7 4 10 20 4 13 14 11 18 14 5 8 13 9 9 25 10 26 11 9 9 19 11 4 12 7 24 23 11 21 9 18 16 9 13 6 20 17 10 7 13 8 6 15 17
5 16 17 22 19 13 7 4 10 20 4 13 14 11 18 14 5 8 13 9 9 25 10 26 11 9 9 19 11 4 12 7 24 23 11 21 9 18 16 9 13 6 20 17 10 7 13 8 6 15 17
5 16 17 22 19 13 7 4 10 20 4 13 14 11 18 14 5 8 13 9 9 25 10 26 11 9 9 19 11 4 12 7 24 23 11 21 9 18 16 9 13 6 20 17 10 7 13 8 6 15 17
5 16 17 22 19 13 7 4 10 20 4 13 14 11 18 14 5 8 13 9 9 25 10 26 11 9 9 19 11 4 12 7 24 23 11 21 9 18 16 9 13 6 20 17 10 7 13 8 6 15 17
5 16 17 22 19 13 7 4 10 20 4 13 14 11 18 14 5 8 13 9 9 25 10 26 11 9 9 19 11 4 12 7 24 23 11 21 9 18 16 9 13 6 20 17 10 7 13 8 6 15 17
5 16 17 22 19 13 7 4 10 20 4 13 14 11 18 14 5 8 13 9 9 25 10 26 11 9 9 19 11 4 12 7 24 23 11 21 9 18 16 9 13 6 20 17 10 7 13 8 6 15 17
5 16 17 22 19 13 7 4 10 20 4 13 14 11 18 14 5 8 13 9 9 25 10 26 11 9 9 19 11 4 12 7 24 23 11 21 9 18 16 9 13 6 20 17 10 7 13 8 6 15 17
5 16 17 22 19 13 7 4 10 20 4 13 14 11 18 14 5 8 13 9 9 25 10 26 11 9 9 19 11 4 12 7 24 23 11 21 9 18 16 9 13 6 20 17 10 7 13 8 6 15 17
5 16 17 22 19 13 7 4 10 20 4 13 14 11 18 14 5 8 13 9 9 25 10 26 11 9 9 19 11 4 12 7 24 23 11 21 9 18 16 9 13 6 20 17 10 7 13 8 6 15 17
5 16 17 22 19 13 7 4 10 20 4 13 14 11 18 14 5 8 13 9 9 25 10 26 11 9 9 19 11 4 12 7 24 23 11 21 9 18 16 9 13 6 20 17 10 7 13 8 6 15 17
