136 141 144 146 122 112 122 175 177 154 129 95 167 101 177 175 144 153 142 74 140 168 153 140 57 171 142 143 129 98 127 154 148 114 127 127 151 171 162 121 115 120 142 155 107 179 133 158 147 170 137
157 68 38 119 92 48 67 63 74 33 63 31 66 70 102 43 42 23 29 133 70 85 40 47 116 27 30 76 106 168 20 68 151 55 121 27 146 21 25 128 23 125 107 28 107 125 96 27 120 33 86
18 16 36 44 23 33 20 30 42 26 26 31 21 28 29 43 31 21 21 21 18 21 18 23 27 22 30 45 24 114 20 20 31 17 22 25 25 21 25 28 22 19 20 20 23 130 27 27 15 28 23
18 16 36 44 23 33 20 30 42 26 26 31 21 28 29 43 31 21 21 21 18 21 18 23 27 22 30 45 24 17 20 20 31 17 22 25 16 21 25 28 22 19 20 20 23 32 27 27 15 28 23
18 16 36 44 23 33 20 30 42 26 26 31 21 28 29 43 31 21 21 21 18 21 18 23 27 22 30 45 24 17 20 20 31 17 22 25 16 21 25 28 22 19 20 20 23 32 27 27 15 28 23
18 16 36 44 23 33 20 30 42 26 26 31 21 28 29 43 31 21 21 21 18 21 18 23 27 22 30 45 24 17 20 20 31 17 22 25 16 21 25 28 22 19 20 20 23 32 27 27 15 28 23
18 16 36 44 23 33 20 30 42 26 26 31 21 28 29 43 31 21 21 21 18 21 18 23 27 22 30 45 24 17 20 20 31 17 22 25 16 21 25 28 22 19 20 20 23 32 27 27 15 28 23
18 16 36 44 23 33 20 30 42 26 26 31 21 28 29 43 31 21 21 21 18 21 18 23 27 22 30 45 24 17 20 20 31 17 22 25 16 21 25 28 22 19 20 20 23 32 27 27 15 28 23
18 16 36 44 23 33 20 30 42 26 26 31 21 28 29 43 31 21 21 21 18 21 18 23 27 22 30 45 24 17 20 20 31 17 22 25 16 21 25 28 22 19 20 20 23 32 27 27 15 28 23
18 16 36 44 23 33 20 30 42 26 26 31 21 28 29 43 31 21 21 21 18 21 18 23 27 22 30 45 24 17 20 20 31 17 22 25 16 21 25 28 22 19 20 20 23 32 27 27 15 28 23
18 16 36 44 23 33 20 30 42 26 26 31 21 28 29 43 31 21 21 21 18 21 18 23 27 22 30 45 24 17 20 20 31 17 22 25 16 21 25 28 22 19 20 20 23 32 27 27 15 28 23
18 16 36 44 23 33 20 30 42 26 26 31 21 28 29 43 31 21 21 21 18 21 18 23 27 22 30 45 24 17 20 20 31 17 22 25 16 21 25 28 22 19 20 20 23 32 27 27 15 28 23
18 16 36 44 23 33 20 30 42 26 26 31 21 28 29 43 31 21 21 21 18 21 18 23 27 22 30 45 24 17 20 20 31 17 22 25 16 21 25 28 22 19 20 20 23 32 27 27 15 28 23
18 16 36 44 23 33 20 30 42 26 26 31 21 28 29 43 31 21 21 21 18 21 18 23 27 22 30 45 24 17 20 20 31 17 22 25 16 21 25 28 22 19 20 20 23 32 27 27 15 28 23
