1049 2908 1660 4127 371 236 5299 2162 2177 458 4459 267 292 7671 2973 1218 5924 954 3163 170 714 3755 23058 1585 691 1625 686 278 552 668 432 1256 686 6064 897 371 5361 4185 2486 718 1575 3406 6614 4426 434 121 1529 1753 3316 2274 1387
54 80 26 11 14 20 66 10 89 14 69 36 48 44 75 15 85 48 14 6 32 66 52 21 100 17 23 13 66 87 79 85 13 16 75 7 93 51 70 64 75 30 10 70 56 20 14 16 67 28 50
7 14 4 5 5 8 10 9 9 12 10 4 5 22 8 9 19 27 6 1 5 11 16 4 46 9 17 10 5 7 13 9 7 13 26 4 47 10 5 10 21 9 1 7 5 14 6 10 7 8 22
6 9 3 4 4 6 4 8 6 10 7 3 2 18 6 8 10 26 4 0 3 8 12 3 5 6 9 8 4 6 4 7 6 12 12 3 10 3 3 8 19 9 0 5 4 14 5 7 5 7 12
6 8 3 4 4 6 3 8 5 9 6 3 1 17 5 8 3 26 4 0 3 8 10 3 2 6 7 8 4 5 2 7 6 12 8 3 8 2 3 7 18 9 0 4 4 14 5 7 4 7 10
6 8 3 4 4 6 3 8 5 9 6 3 1 17 5 8 3 26 4 0 3 8 10 3 2 6 7 8 4 5 2 7 6 12 8 3 8 2 3 7 18 9 0 4 4 14 5 7 4 7 10
6 8 3 4 4 6 3 8 5 9 6 3 1 17 5 8 3 26 4 0 3 8 10 3 2 6 7 8 4 5 2 7 6 12 8 3 8 2 3 7 18 9 0 4 4 14 5 7 4 7 10
6 8 3 4 4 6 3 8 5 9 6 3 1 17 5 8 3 26 4 0 3 8 10 3 2 6 7 8 4 5 2 7 6 12 8 3 8 2 3 7 18 9 0 4 4 14 5 7 4 7 10
6 8 3 4 4 6 3 8 5 9 6 3 1 17 5 8 3 26 4 0 3 8 10 3 2 6 7 8 4 5 2 7 6 12 8 3 8 2 3 7 18 9 0 4 4 14 5 7 4 7 10
6 8 3 4 4 6 3 8 5 9 6 3 1 17 5 8 3 26 4 0 3 8 10 3 2 6 7 8 4 5 2 7 6 12 8 3 8 2 3 7 18 9 0 4 4 14 5 7 4 7 10
6 8 3 4 4 6 3 8 5 9 6 3 1 17 5 8 3 26 4 0 3 8 10 3 2 6 7 8 4 5 2 7 6 12 8 3 8 2 3 7 18 9 0 4 4 14 5 7 4 7 10
6 8 3 4 4 6 3 8 5 9 6 3 1 17 5 8 3 26 4 0 3 8 10 3 2 6 7 8 4 5 2 7 6 12 8 3 8 2 3 7 18 9 0 4 4 14 5 7 4 7 10
6 8 3 4 4 6 3 8 5 9 6 3 1 17 5 8 3 26 4 0 3 8 10 3 2 6 7 8 4 5 2 7 6 12 8 3 8 2 3 7 18 9 0 4 4 14 5 7 4 7 10
6 8 3 4 4 6 3 8 5 9 6 3 1 17 5 8 3 26 4 0 3 8 10 3 2 6 7 8 4 5 2 7 6 12 8 3 8 2 3 7 18 9 0 4 4 14 5 7 4 7 10
