9 2 4 4 8 4 7 2 4 8 5 7 10 4 7 4 6 4 1 32 50 4 4 4 8 12 3 5 1 67 64 4 4 9 10 65 8 9 4 4 0 4 4 67 12 3 1 28 8 4 0
7 0 1 4 4 3 5 0 3 0 4 4 0 4 4 3 4 4 0 9 0 1 3 1 5 7 0 3 0 11 0 1 4 6 7 0 5 6 3 3 0 4 3 0 7 1 0 9 5 3 0
4 0 0 3 3 3 4 0 3 0 3 3 0 3 3 3 3 3 0 6 0 0 3 0 4 4 0 3 0 7 0 0 3 4 4 0 4 4 3 3 0 3 3 0 4 0 0 6 4 3 0
3 0 0 3 3 3 3 0 3 0 3 3 0 3 3 3 3 3 0 3 0 0 3 0 3 3 0 3 0 3 0 0 3 3 3 0 3 3 3 3 0 3 3 0 3 0 0 3 3 3 0
3 0 0 3 3 3 3 0 3 0 3 3 0 3 3 3 3 3 0 3 0 0 3 0 3 3 0 3 0 3 0 0 3 3 3 0 3 3 3 3 0 3 3 0 3 0 0 3 3 3 0
3 0 0 3 3 3 3 0 3 0 3 3 0 3 3 3 3 3 0 3 0 0 3 0 3 3 0 3 0 3 0 0 3 3 3 0 3 3 3 3 0 3 3 0 3 0 0 3 3 3 0
3 0 0 3 3 3 3 0 3 0 3 3 0 3 3 3 3 3 0 3 0 0 3 0 3 3 0 3 0 3 0 0 3 3 3 0 3 3 3 3 0 3 3 0 3 0 0 3 3 3 0
3 0 0 3 3 3 3 0 3 0 3 3 0 3 3 3 3 3 0 3 0 0 3 0 3 3 0 3 0 3 0 0 3 3 3 0 3 3 3 3 0 3 3 0 3 0 0 3 3 3 0
3 0 0 3 3 3 3 0 3 0 3 3 0 3 3 3 3 3 0 3 0 0 3 0 3 3 0 3 0 3 0 0 3 3 3 0 3 3 3 3 0 3 3 0 3 0 0 3 3 3 0
3 0 0 3 3 3 3 0 3 0 3 3 0 3 3 3 3 3 0 3 0 0 3 0 3 3 0 3 0 3 0 0 3 3 3 0 3 3 3 3 0 3 3 0 3 0 0 3 3 3 0
3 0 0 3 3 3 3 0 3 0 3 3 0 3 3 3 3 3 0 3 0 0 3 0 3 3 0 3 0 3 0 0 3 3 3 0 3 3 3 3 0 3 3 0 3 0 0 3 3 3 0
3 0 0 3 3 3 3 0 3 0 3 3 0 3 3 3 3 3 0 3 0 0 3 0 3 3 0 3 0 3 0 0 3 3 3 0 3 3 3 3 0 3 3 0 3 0 0 3 3 3 0
3 0 0 3 3 3 3 0 3 0 3 3 0 3 3 3 3 3 0 3 0 0 3 0 3 3 0 3 0 3 0 0 3 3 3 0 3 3 3 3 0 3 3 0 3 0 0 3 3 3 0
3 0 0 3 3 3 3 0 3 0 3 3 0 3 3 3 3 3 0 3 0 0 3 0 3 3 0 3 0 3 0 0 3 3 3 0 3 3 3 3 0 3 3 0 3 0 0 3 3 3 0
