578 578 631 749 749 582 347 690 360 416 590 747 690 463 542 108 526 303 538 749 717 538 656 688 688 546 538 384 749 520 493 108 379 690 493 609 111 538 354 354 375 354 688 493 520 440 255 690 445 747 463
578 578 631 749 749 582 347 690 359 416 590 747 690 463 542 101 526 303 538 749 717 538 656 688 688 546 538 384 749 520 493 101 379 690 493 609 101 538 354 354 375 354 688 493 520 440 255 690 444 747 463
578 578 631 749 749 582 347 690 359 416 590 747 690 463 542 101 526 303 538 749 717 538 656 688 688 546 538 384 749 520 493 101 379 690 493 609 101 538 354 354 375 354 688 493 520 440 255 690 444 747 463
578 578 631 749 749 582 347 690 359 416 590 747 690 463 542 101 526 303 538 749 717 538 656 688 688 546 538 384 749 520 493 101 379 690 493 609 101 538 354 354 375 354 688 493 520 440 255 690 444 747 463
578 578 631 749 749 582 347 690 359 416 590 747 690 463 542 101 526 303 538 749 717 538 656 688 688 546 538 384 749 520 493 101 379 690 493 609 101 538 354 354 375 354 688 493 520 440 255 690 444 747 463
578 578 631 749 749 582 347 690 359 416 590 747 690 463 542 101 526 303 538 749 717 538 656 688 688 546 538 384 749 520 493 101 379 690 493 609 101 538 354 354 375 354 688 493 520 440 255 690 444 747 463
578 578 631 749 749 582 347 690 359 416 590 747 690 463 542 101 526 303 538 749 717 538 656 688 688 546 538 384 749 520 493 101 379 690 493 609 101 538 354 354 375 354 688 493 520 440 255 690 444 747 463
578 578 631 749 749 582 347 690 359 416 590 747 690 463 542 101 526 303 538 749 717 538 656 688 688 546 538 384 749 520 493 101 379 690 493 609 101 538 354 354 375 354 688 493 520 440 255 690 444 747 463
578 578 631 749 749 582 347 690 359 416 590 747 690 463 542 101 526 303 538 749 717 538 656 688 688 546 538 384 749 520 493 101 379 690 493 609 101 538 354 354 375 354 688 493 520 440 255 690 444 747 463
578 578 631 749 749 582 347 690 359 416 590 747 690 463 542 101 526 303 538 749 717 538 656 688 688 546 538 384 749 520 493 101 379 690 493 609 101 538 354 354 375 354 688 493 520 440 255 690 444 747 463
578 578 631 749 749 582 347 690 359 416 590 747 690 463 542 101 526 303 538 749 717 538 656 688 688 546 538 384 749 520 493 101 379 690 493 609 101 538 354 354 375 354 688 493 520 440 255 690 444 747 463
578 578 631 749 749 582 347 690 359 416 590 747 690 463 542 101 526 303 538 749 717 538 656 688 688 546 538 384 749 520 493 101 379 690 493 609 101 538 354 354 375 354 688 493 520 440 255 690 444 747 463
578 578 631 749 749 582 347 690 359 416 590 747 690 463 542 101 526 303 538 749 717 538 656 688 688 546 538 384 749 520 493 101 379 690 493 609 101 538 354 354 375 354 688 493 520 440 255 690 444 747 463
578 578 631 749 749 582 347 690 359 416 590 747 690 463 542 101 526 303 538 749 717 538 656 688 688 546 538 384 749 520 493 101 379 690 493 609 101 538 354 354 375 354 688 493 520 440 255 690 444 747 463
