1082 1287 1220 1287 1287 1287 1121 1425 1121 1227 1121 1287 1121 1259 1266 1299 1239 1326 1385 1247 1425 1094 1287 1346 1346 1425 992 845 1358 1601 1464 1287 1082 1425 983 1062 1287 1023 995 1121 1287 1247 1260 1247 1425 983 1299 1082 1385 1181 1121
1082 1287 1220 1287 1287 1287 1121 1425 1121 1228 1121 1287 1121 1260 1267 1299 1239 1326 1386 1247 1425 1094 1287 1346 1346 1425 992 845 1358 1601 1464 1287 1082 1425 983 1062 1287 1023 995 1121 1287 1247 1260 1247 1425 983 1299 1082 1386 1181 1121
1082 1287 1220 1287 1287 1287 1121 1425 1121 1228 1121 1287 1121 1260 1267 1299 1239 1326 1386 1247 1425 1094 1287 1346 1346 1425 992 845 1358 1601 1464 1287 1082 1425 983 1062 1287 1023 995 1121 1287 1247 1260 1247 1425 983 1299 1082 1386 1181 1121
1082 1287 1220 1287 1287 1287 1121 1425 1121 1228 1121 1287 1121 1260 1267 1299 1239 1326 1386 1247 1425 1094 1287 1346 1346 1425 992 845 1358 1601 1464 1287 1082 1425 983 1062 1287 1023 995 1121 1287 1247 1260 1247 1425 983 1299 1082 1386 1181 1121
1082 1287 1220 1287 1287 1287 1121 1425 1121 1228 1121 1287 1121 1260 1267 1299 1239 1326 1386 1247 1425 1094 1287 1346 1346 1425 992 845 1358 1601 1464 1287 1082 1425 983 1062 1287 1023 995 1121 1287 1247 1260 1247 1425 983 1299 1082 1386 1181 1121
1082 1287 1220 1287 1287 1287 1121 1425 1121 1228 1121 1287 1121 1260 1267 1299 1239 1326 1386 1247 1425 1094 1287 1346 1346 1425 992 845 1358 1601 1464 1287 1082 1425 983 1062 1287 1023 995 1121 1287 1247 1260 1247 1425 983 1299 1082 1386 1181 1121
1082 1287 1220 1287 1287 1287 1121 1425 1121 1228 1121 1287 1121 1260 1267 1299 1239 1326 1386 1247 1425 1094 1287 1346 1346 1425 992 845 1358 1601 1464 1287 1082 1425 983 1062 1287 1023 995 1121 1287 1247 1260 1247 1425 983 1299 1082 1386 1181 1121
1082 1287 1220 1287 1287 1287 1121 1425 1121 1228 1121 1287 1121 1260 1267 1299 1239 1326 1386 1247 1425 1094 1287 1346 1346 1425 992 845 1358 1601 1464 1287 1082 1425 983 1062 1287 1023 995 1121 1287 1247 1260 1247 1425 983 1299 1082 1386 1181 1121
1082 1287 1220 1287 1287 1287 1121 1425 1121 1228 1121 1287 1121 1260 1267 1299 1239 1326 1386 1247 1425 1094 1287 1346 1346 1425 992 845 1358 1601 1464 1287 1082 1425 983 1062 1287 1023 995 1121 1287 1247 1260 1247 1425 983 1299 1082 1386 1181 1121
1082 1287 1220 1287 1287 1287 1121 1425 1121 1228 1121 1287 1121 1260 1267 1299 1239 1326 1386 1247 1425 1094 1287 1346 1346 1425 992 845 1358 1601 1464 1287 1082 1425 983 1062 1287 1023 995 1121 1287 1247 1260 1247 1425 983 1299 1082 1386 1181 1121
1082 1287 1220 1287 1287 1287 1121 1425 1121 1228 1121 1287 1121 1260 1267 1299 1239 1326 1386 1247 1425 1094 1287 1346 1346 1425 992 845 1358 1601 1464 1287 1082 1425 983 1062 1287 1023 995 1121 1287 1247 1260 1247 1425 983 1299 1082 1386 1181 1121
1082 1287 1220 1287 1287 1287 1121 1425 1121 1228 1121 1287 1121 1260 1267 1299 1239 1326 1386 1247 1425 1094 1287 1346 1346 1425 992 845 1358 1601 1464 1287 1082 1425 983 1062 1287 1023 995 1121 1287 1247 1260 1247 1425 983 1299 1082 1386 1181 1121
1082 1287 1220 1287 1287 1287 1121 1425 1121 1228 1121 1287 1121 1260 1267 1299 1239 1326 1386 1247 1425 1094 1287 1346 1346 1425 992 845 1358 1601 1464 1287 1082 1425 983 1062 1287 1023 995 1121 1287 1247 1260 1247 1425 983 1299 1082 1386 1181 1121
1082 1287 1220 1287 1287 1287 1121 1425 1121 1228 1121 1287 1121 1260 1267 1299 1239 1326 1386 1247 1425 1094 1287 1346 1346 1425 992 845 1358 1601 1464 1287 1082 1425 983 1062 1287 1023 995 1121 1287 1247 1260 1247 1425 983 1299 1082 1386 1181 1121
