115 208 109 107 136 121 114 103 112 207 213 210 108 207 115 105 206 112 120 122 206 113 108 110 206 110 118 107 123 208 125 131 124 210 204 120 136 112 212 142 119 210 121 124 122 208 117 113 160 125 110
100 200 100 100 100 100 100 100 100 200 200 200 100 200 100 100 200 100 100 100 200 100 100 100 200 100 100 100 100 200 100 100 100 200 200 100 100 100 200 100 100 200 100 100 100 200 100 100 100 100 100
100 200 100 100 100 100 100 100 100 200 200 200 100 200 100 100 200 100 100 100 200 100 100 100 200 100 100 100 100 200 100 100 100 200 200 100 100 100 200 100 100 200 100 100 100 200 100 100 100 100 100
100 200 100 100 100 100 100 100 100 200 200 200 100 200 100 100 200 100 100 100 200 100 100 100 200 100 100 100 100 200 100 100 100 200 200 100 100 100 200 100 100 200 100 100 100 200 100 100 100 100 100
100 200 100 100 100 100 100 100 100 200 200 200 100 200 100 100 200 100 100 100 200 100 100 100 200 100 100 100 100 200 100 100 100 200 200 100 100 100 200 100 100 200 100 100 100 200 100 100 100 100 100
100 200 100 100 100 100 100 100 100 200 200 200 100 200 100 100 200 100 100 100 200 100 100 100 200 100 100 100 100 200 100 100 100 200 200 100 100 100 200 100 100 200 100 100 100 200 100 100 100 100 100
100 200 100 100 100 100 100 100 100 200 200 200 100 200 100 100 200 100 100 100 200 100 100 100 200 100 100 100 100 200 100 100 100 200 200 100 100 100 200 100 100 200 100 100 100 200 100 100 100 100 100
100 200 100 100 100 100 100 100 100 200 200 200 100 200 100 100 200 100 100 100 200 100 100 100 200 100 100 100 100 200 100 100 100 200 200 100 100 100 200 100 100 200 100 100 100 200 100 100 100 100 100
100 200 100 100 100 100 100 100 100 200 200 200 100 200 100 100 200 100 100 100 200 100 100 100 200 100 100 100 100 200 100 100 100 200 200 100 100 100 200 100 100 200 100 100 100 200 100 100 100 100 100
100 200 100 100 100 100 100 100 100 200 200 200 100 200 100 100 200 100 100 100 200 100 100 100 200 100 100 100 100 200 100 100 100 200 200 100 100 100 200 100 100 200 100 100 100 200 100 100 100 100 100
100 200 100 100 100 100 100 100 100 200 200 200 100 200 100 100 200 100 100 100 200 100 100 100 200 100 100 100 100 200 100 100 100 200 200 100 100 100 200 100 100 200 100 100 100 200 100 100 100 100 100
100 200 100 100 100 100 100 100 100 200 200 200 100 200 100 100 200 100 100 100 200 100 100 100 200 100 100 100 100 200 100 100 100 200 200 100 100 100 200 100 100 200 100 100 100 200 100 100 100 100 100
100 200 100 100 100 100 100 100 100 200 200 200 100 200 100 100 200 100 100 100 200 100 100 100 200 100 100 100 100 200 100 100 100 200 200 100 100 100 200 100 100 200 100 100 100 200 100 100 100 100 100
100 200 100 100 100 100 100 100 100 200 200 200 100 200 100 100 200 100 100 100 200 100 100 100 200 100 100 100 100 200 100 100 100 200 200 100 100 100 200 100 100 200 100 100 100 200 100 100 100 100 100
