5714 41803 73120 2567 13947 17478 15360 13022 28607 22698 64982 332459 12901 19902 187310 23632 119261 12911 9154 34030 6702 19179 40687 5686 175737 15586 28426 31607 3522 49689 22697 4708 21009 12428 22164 99767 14678 52483 29784 14999 29257 24888 34701 3262 14317 24550 3816 42669 11174 15955 38109
1364 1764 11911 1471 1579 1463 1135 1520 4832 1608 1824 3036 1496 4422 2741 2858 2268 2247 1557 1784 1605 1167 1929 1344 7053 1573 21538 1572 1598 1369 4574 1727 1728 1617 4314 1600 1431 1646 4080 3829 12112 4925 1499 1558 1497 1527 1311 1829 1362 2229 1890
1340 1606 1414 1367 1432 1584 23 1560 2250 1564 1623 1926 1557 1613 1433 1453 2141 2016 1551 1606 1569 1216 1631 1234 1662 1467 20957 1541 1519 52 1194 1585 1446 1441 1430 1298 1239 1612 1500 127 3759 158 1317 1433 1506 1401 1263 1483 1290 1810 1868
1309 1443 1153 1343 1397 1407 7 1398 2100 1379 1404 1562 1354 1450 1380 1455 2130 1806 1369 1616 1407 1036 1408 1205 1552 1405 3185 1450 1392 10 1097 1573 1396 1374 1342 1258 1204 1508 1323 6 2800 4 1258 1354 1345 1362 1243 1395 1207 1614 1698
1308 1439 1133 1343 1388 1369 7 1387 2100 1373 750565628845030 1288 1331 1348 1311 1345 2130 1752 1362 1391 1406 1033 1349 9232520208061153280 1356 1405 3151 1420 1341 8 1084 1573 1363 1354 1338 1164 1197 1506 1294 5 2778 2 1256 1316 1340 1362 1211 1386 1189 1570 1673
1308 498141 1133 1343 1388 1329 7 1387 2100 1373 1443 1288 1331 87293167827419584 1311 1345 2130 1731 1362 1391 4954591135318548 1033 1349 2297 7769855538188813 1405 26914937595860 97333471225365424 1341 8 1084 1573 1363 1354 1338 1129 1197 23046 1294 5 2778 2 1256 9222776324764344320 1340 1362 1211 1386 1189 1569 6244055086486
1308 2304 1133 1343 1388 1329 7 1387 2100 1373 1185 1288 1331 19604 1311 1345 2130 1366 1362 1391 1123 1033 1349 349048920752429 186428098355470848 1405 14202085055849758 94331063251660160 1341 8 1084 1573 1363 1354 1338 1129 1197 14121064667649736 1294 5 2778 2 1256 9080550757795758 1340 1362 1211 1386 1189 1569 1102
1308 1670 1133 1343 1388 1329 7 1387 2100 1373 1185 1288 1331 2706 1311 1345 2130 1098 1362 1391 1123 1033 1349 62525696459143912 3664 1405 414058013981635840 94719077230253776 1341 8 1084 1573 1363 1354 1338 1129 1197 1836 1294 5 2778 2 1256 72713867010698 1340 1362 1211 1386 1189 1569 1102
1308 2174 1133 1343 1388 1329 7 1387 2100 1373 1185 1288 1331 2706 1311 1345 2130 139785946256469584 1362 1391 1123 1033 1349 3319297820836 3664 1405 377264729 9205543516159734784 1341 8 1084 1573 1363 1354 1338 1129 1197 1147 1294 5 2778 2 1256 25168 1340 1362 1211 1386 1189 1569 1102
1308 5768284208225366 1133 1343 1388 1329 7 1387 2100 1373 1185 1288 1331 2706 1311 1345 2130 80202996 1362 1391 1123 1033 1349 10010943 3664 1405 1199 5053288360091151360 1341 8 1084 1573 1363 1354 1338 1129 1197 1147 1294 5 2778 2 1256 1034 1340 1362 1211 1386 1189 1569 1102
1308 15354 1133 1343 1388 1329 7 1387 2100 1373 1185 1288 1331 34844120668646207488 1311 1345 2130 1123 1362 1391 1123 1033 1349 1581 3664 1405 5938146812529809 5768284208225366 1341 8 1084 1573 1363 1354 1338 1129 1197 1147 1294 5 2778 2 1256 1027 1340 1362 1211 1386 1189 1569 1102
1308 1440 1133 1343 1388 1329 7 1387 2100 1373 1185 1288 1331 863873121227610880 1311 1345 2130 1123 1362 1391 1123 1033 1349 1375 3664 1405 137570990 96826791055939552 1341 8 1084 1573 1363 1354 1338 1129 1197 1147 1294 5 2778 2 1256 1027 1340 1362 1211 1386 1189 1569 1102
1308 1433 1133 1343 1388 1329 7 1387 2100 1373 1185 1288 1331 4603 1311 1345 2130 1123 1362 1391 1123 1033 1349 1375 3664 1405 1391 97333471225365424 1341 8 1084 1573 1363 1354 1338 1129 1197 1147 1294 5 2778 2 1256 1027 1340 1362 1211 1386 1189 1569 1102
1308 1433 1133 1343 1388 1329 7 1387 2100 1373 1185 1288 1331 3298 1311 1345 2130 1123 1362 1391 1123 1033 1349 1375 3664 1405 1382 96513448191587856 1341 8 1084 1573 1363 1354 1338 1129 1197 1147 1294 5 2778 2 1256 1027 1340 1362 1211 1386 1189 1569 1102
