261 4739 181 2529 283 292 19492 8025 476 3541 214 651 112 309 150 513 133 3814 274 2775 2175 19733 22452 1714 508 224 710 2295 2962 1267 12506 11244 262 629 9111 125 438 790 182 914 141 5033 2009 716 675 3586 12765 167 15365 211 189
254 1010 58 1091 214 159 8930 208 266 962 131 521 180 214 184 472 152 973 232 350 152 3643 1859 2661 389 85 138 400 267 122 1818 308 214 158 176 190 3523 241 124 172 88 96 14336 196 507 289 263 154 647 128 245
144 165 56 210 144 42 438 214 241 471 235 403 118 106 69 278 162 800 217 463 243 586 13746 1311 277 34 188 339 281 111 1220 111 278 99 204 99 294 101 155 39 108 216 1681 93 542 100 283 251 109 238 80
67 99 31 92 273 27 54 75 45 77 27 390 23 237 39 436 209 93 353 266 45 159 909 37 262 32 70 308 90 115 351 68 39 293 27 226 110 78 210 36 50 50 5343 82 192 225 334 140 110 276 56
28 2 24 84 55 24 27 24 31 20 21 89 21 36 32 403 108 21 190 25 22 214 21 25 49 31 26 56 37 28 320 28 24 21 22 39 83 68 34 22 37 21 472 16 36 50 112 27 22 34 31
28 2 20 84 37 24 27 24 22 20 19 60 21 24 32 10 20 21 82 25 22 39 20 25 48 31 25 21 36 28 201 27 24 20 22 25 83 29 28 22 24 21 239 16 35 26 44 26 22 24 29
28 2 20 84 37 24 27 24 22 20 19 60 21 24 32 9 20 21 29 25 22 39 20 24 48 31 25 21 36 28 22 27 24 20 22 25 83 29 28 22 24 21 239 16 35 26 44 26 22 23 29
27 2 20 84 37 24 27 24 22 20 19 60 21 24 32 9 20 21 29 25 22 39 20 25 48 31 25 21 36 28 22 27 24 20 22 25 83 29 28 22 24 21 239 16 35 26 44 26 22 23 29
28 2 20 84 37 24 27 24 22 20 19 60 21 24 32 9 20 21 29 25 22 39 20 25 48 31 25 21 36 28 22 27 24 20 22 25 83 29 29 22 24 21 239 16 35 26 44 26 22 23 29
27 2 20 84 37 24 27 24 22 20 19 60 21 24 32 9 20 21 29 25 22 39 20 25 48 31 24 21 36 28 22 27 24 20 22 25 83 29 29 22 24 21 239 16 35 26 44 26 22 23 29
27 2 20 84 37 24 27 24 22 20 19 60 21 24 32 9 20 21 29 25 22 39 20 25 48 31 25 21 36 28 22 27 24 20 22 25 83 29 29 22 24 21 239 16 35 26 45 26 22 23 29
28 2 20 84 37 24 27 24 22 20 19 60 21 24 32 9 20 21 29 25 22 39 20 24 48 31 25 21 36 28 22 27 24 20 22 25 83 29 28 22 24 21 239 16 35 26 44 26 22 23 29
28 2 20 84 37 24 27 24 22 20 19 60 21 24 32 9 20 21 29 24 22 39 20 25 48 31 25 21 36 28 22 27 24 20 22 25 83 29 29 22 24 21 239 16 36 26 44 26 22 23 29
27 2 20 84 37 24 27 24 22 20 19 60 21 24 32 9 20 21 29 25 22 39 20 25 48 31 25 21 36 28 22 27 24 20 22 25 83 29 29 22 24 21 239 16 35 26 44 26 22 23 29
