169171 29624 24399 25830 115932 86141 73409 43300 218206 41666 62132 20698 55324 17551 22191 112028 31187 103261 180478 27516 29936 111880 427225 130376 21463 128649 82029 14388 59942 79074 138683 391295 44294 175345 536590 24986 41060 340731 143415 21930 37756 131491 370726 101882 72297 151899 45317 79993 32541 22319 46910
1747 5189 1580 597 2761 10490 1397 705 2158 786 13212 4985 5593 2977 2371 1516 21547 5097 1633 1854 4172 3310 2729 955 1543 6595 7156 537 1551 13128 767 4846 6445 2736 10179 6975 7250 1612 1515 1500 259 1511 691 1549 5060 12788 3506 1910 1973 470 2045
42 139 29 11 16 407 10 30 25 32 26 19 96 95 43 35 43 35 64 56 48 45 66 15 41 143 42 40 60 49 19 49 51 5 47 41 17 27 46 54 19 38 27 79 42 46 55 38 45 18 25
10 12 3 5 7 4 2 4 4 23 6 6 12 39 4 11 15 3 4 11 1 1 12 1 9 35 6 8 13 12 12 6 5 1 8 7 6 3 19 2 0 0 6 38 6 5 6 11 25 14 6
6 7 3 5 3 2 2 3 3 17 5 6 11 2 4 10 11 2 2 9 1 1 2 1 5 2 5 5 9 4 12 4 4 1 6 2 4 2 5 2 0 0 3 35 1 2 6 3 24 13 3
6 5 3 5 3 2 2 3 3 17 5 6 11 1 4 10 11 2 2 9 1 1 2 1 4 2 5 5 7 1 12 4 4 1 6 2 4 2 5 2 0 0 3 35 1 2 6 2 24 13 3
6 5 3 5 3 2 2 3 3 17 5 6 11 2 4 10 11 2 2 9 1 1 2 1 4 2 5 5 7 1 12 4 4 1 6 2 4 2 5 2 0 0 3 35 1 2 6 2 24 13 3
6 5 3 5 3 2 2 3 3 17 5 6 11 2 4 10 11 2 2 9 1 1 2 1 4 2 5 5 7 1 12 4 4 1 6 2 4 2 5 2 0 0 3 35 1 2 6 2 24 13 3
6 5 3 5 3 2 2 3 3 17 5 6 11 1 4 10 11 2 2 9 1 1 2 1 4 2 5 5 7 1 12 4 4 1 6 2 4 2 5 2 0 0 3 35 1 2 6 2 24 13 3
6 5 3 5 3 2 2 3 3 17 5 6 11 1 4 10 11 2 2 9 1 1 2 1 4 2 5 5 7 1 12 4 4 1 6 2 4 2 5 2 0 0 3 35 1 2 6 2 24 13 3
6 5 3 5 3 2 2 3 3 17 5 6 11 1 4 10 11 2 2 9 1 1 2 1 4 2 5 5 7 1 12 4 4 1 6 2 4 2 5 2 0 0 3 35 1 2 6 2 24 13 3
6 5 3 5 3 2 2 3 3 17 5 6 11 1 4 10 11 2 2 9 1 1 2 1 4 2 5 5 7 1 12 4 4 1 6 2 4 2 5 2 0 0 3 35 1 2 6 2 24 13 3
6 5 3 5 3 2 2 3 3 17 5 6 11 1 4 10 11 2 2 9 1 1 2 1 4 2 5 5 7 1 12 4 4 1 6 2 4 2 5 2 0 0 3 35 1 2 6 2 24 13 3
6 5 3 5 3 2 2 3 3 17 5 6 11 1 4 10 11 2 2 9 1 1 2 1 4 2 5 5 7 1 12 4 4 1 6 2 4 2 5 2 0 0 3 35 1 2 6 2 24 13 3
