16326 16911 16562 19230 18108 15555 14687 26435 15786 18520 17614 20959 32536 21535 17358 14244 16038 26599 14905 13952 15490 15366 17028 19082 14726 45260 15149 17911 16316 16355 17667 13547 21102 28392 16622 18818 14973 14390 24290 29398 15379 14398 11475 35461 17894 15559 17549 13506 17783 16705 19595
481 1884 603 413 2184 1390 2329 488 1422 1770 3065 4584 5306 380 693 1645 2354 2996 200 12452 115 1074 5354 100 305 7358 19806 2285 609 5592 531 1716 1273 5344 4802 165 143 253 6931 8079 41 1692 167 19064 4716 315 266 1232 862 447 1482
46 64 56 74 39 32 81 20 33 54 56 3200 553 43 12 83 102 81 27 68 51 69 6862 40 39 697 58 96 49 35 78 72 52 189 79 40 45 71 1651 99 23 49 24 892 65 45 23 61 76 77 49
21 23 21 25 19 20 20 17 22 25 19 25 22 40 8 28 22 30 22 26 25 38 64 33 24 416 25 22 29 23 30 20 25 29 38 33 29 21 227 21 21 23 22 29 23 29 20 21 19 22 21
21 23 21 25 19 20 20 17 22 25 19 23 21 40 8 28 22 30 22 26 25 38 20 33 24 415 25 22 29 23 30 20 25 28 38 33 29 21 154 21 21 23 22 29 21 29 20 21 19 22 21
21 23 21 25 19 20 20 17 22 25 19 23 21 40 8 28 22 30 22 26 25 38 20 33 24 415 25 22 29 23 30 20 25 28 38 33 29 21 154 21 21 23 22 29 21 29 20 21 19 22 21
21 23 21 25 19 20 20 17 22 25 19 23 21 40 8 28 22 30 22 26 25 38 20 33 24 415 25 22 29 23 30 20 25 28 38 33 29 21 154 21 21 23 22 29 21 29 20 21 19 22 21
21 23 21 25 19 20 20 17 22 25 19 23 21 40 8 28 22 30 22 26 25 38 20 33 24 415 25 22 29 23 30 20 25 28 38 33 29 21 154 21 21 23 22 29 21 29 20 21 19 22 21
21 23 21 25 19 20 20 17 22 25 19 23 21 40 8 28 22 30 22 26 25 38 20 33 24 415 25 22 29 23 30 20 25 28 38 33 29 21 154 21 21 23 22 29 21 29 20 21 19 22 21
21 23 21 25 19 20 20 17 22 25 19 23 21 40 8 28 22 30 22 26 25 38 20 33 24 415 25 22 29 23 30 20 25 28 38 33 29 21 154 21 21 23 22 29 21 29 20 21 19 22 21
21 23 21 25 19 20 20 17 22 25 19 23 21 40 8 28 22 30 22 26 25 38 20 33 24 415 25 22 29 23 30 20 25 28 38 33 29 21 154 21 21 23 22 29 21 29 20 21 19 22 21
21 23 21 25 19 20 20 17 22 25 19 23 21 40 8 28 22 30 22 26 25 38 20 33 24 415 25 22 29 23 30 20 25 28 38 33 29 21 154 21 21 23 22 29 21 29 20 21 19 22 21
21 23 21 25 19 20 20 17 22 25 19 23 21 40 8 28 22 30 22 26 25 38 20 33 24 415 25 22 29 23 30 20 25 28 38 33 29 21 154 21 21 23 22 29 21 29 20 21 19 22 21
21 23 21 25 19 20 20 17 22 25 19 23 21 40 8 28 22 30 22 26 25 38 20 33 24 415 25 22 29 23 30 20 25 28 38 33 29 21 154 21 21 23 22 29 21 29 20 21 19 22 21
