1510 3009 1505 4934 1094 369 43 159 801 152567 847 86524 138 5358 728 1429 29581 12589 2124 1692 872 1128 231 613 4842 1295 3699 915 9836 502 1045 342 1108 237 1412 625 760 969 3424 1115 1431 231 863 1383 1729 1162 579 837 1382 692 1199
350 99 230 442 759 115 18 67 741 42 177 166 88 138 498 230 453 376 224 948 355 366 25 304 48 825 28 236 440 161 416 268 225 291 120 168 594 489 51 751 150 180 680 400 195 268 426 222 164 94 255
461 71 77 289 698 173 125 83 722 65 83 175 179 119 357 66 320 460 126 899 242 382 22 305 45 332 41 262 341 102 409 288 235 175 170 100 504 172 30 729 190 69 567 426 121 235 336 229 50 72 65
290 134 96 255 578 38 140 136 518 23 26 94 169 27 116 34 430 313 32 735 239 247 116 464 24 242 135 210 287 28 263 197 71 26 87 86 369 124 59 612 171 34 511 323 139 122 251 215 89 133 109
242 140 35 250 512 28 140 137 508 119 22 23 38 24 19 30 251 269 29 24 239 244 122 238 117 28 137 57 243 25 254 66 28 24 73 73 27 157 125 537 33 34 510 246 22 36 247 25 24 139 157
242 140 31 250 512 28 140 137 508 120 22 23 38 24 19 30 251 257 29 23 239 244 122 238 117 28 137 30 243 25 254 26 25 24 45 73 27 34 125 142 33 34 510 246 22 36 247 25 23 139 31
242 140 31 250 512 28 140 137 508 120 22 23 38 24 19 30 251 257 29 23 239 244 122 238 117 28 137 30 243 25 254 26 25 24 45 73 27 34 125 142 33 34 510 246 22 36 247 25 23 139 31
242 140 31 250 512 28 140 137 508 120 22 23 38 24 19 30 251 257 29 23 239 244 122 238 117 28 137 30 243 25 254 26 25 24 45 73 27 34 125 142 33 34 510 246 22 36 247 25 23 139 31
242 140 31 250 512 28 140 137 508 120 22 23 38 24 19 30 251 257 29 23 239 244 122 238 117 28 137 30 243 25 254 26 25 24 45 73 27 34 125 142 33 34 510 246 22 36 247 25 23 139 31
242 140 31 250 512 28 140 137 508 120 22 23 38 24 19 30 251 257 29 23 239 244 122 238 117 28 137 30 243 25 254 26 25 24 45 73 27 34 125 142 33 34 510 246 22 36 247 25 23 139 31
242 140 31 250 512 28 140 137 508 120 22 23 38 24 19 30 251 257 29 23 239 244 122 238 117 28 137 30 243 25 254 26 25 24 45 73 27 34 125 142 33 34 510 246 22 36 247 25 23 139 31
242 140 31 250 512 28 140 137 508 120 22 23 38 24 19 30 251 257 29 23 239 244 122 238 117 28 137 30 243 25 254 26 25 24 45 73 27 34 125 142 33 34 510 246 22 36 247 25 23 139 31
242 140 31 250 512 28 140 137 508 120 22 23 38 24 19 30 251 257 29 23 239 244 122 238 117 28 137 30 243 25 254 26 25 24 45 73 27 34 125 142 33 34 510 246 22 36 247 25 23 139 31
242 140 31 250 512 28 140 137 508 120 22 23 38 24 19 30 251 257 29 23 239 244 122 238 117 28 137 30 243 25 254 26 25 24 45 73 27 34 125 142 33 34 510 246 22 36 247 25 23 139 31
