6004 22412 17483 17350 371239 39797 50340 150417 770489 10781 5566 297086 1725794 6187 230160 19571 401267 110252 98009 132827 30675 60873 1127975 1464120 9474 2169344 2112774 2734796 107331 8493 378669 139820 27428 1304719 30654 158392 699371 170200 214012 16710 125948 17777 16663 9659658 1638617 1053054 37740 139586 3487219 4609515 170478
765 967 875 5429 737 1019 1751 9695 512 66 290 3275 215 79 488 3718 3178 1604 3780 1830 514 686 218 35294 3024 2233 1551 4921 701 709 918 2631 421 36 137 283 1291 645 838 1487 751 60 310 4093 383 191 192 563 4016 1319 3581
29 6 30 26 17 9 26 29 35 4 12 38 6 13 24 24 26 30 24 23 4 19 30 41 25 13 38 13 9 16 31 27 43 37 18 11 8 35 37 29 27 32 30 16 27 11 43 38 37 12 48
6 2 2 3 5 2 6 1 2 3 4 1 1 2 3 2 2 6 2 2 1 2 2 4 2 2 2 1 5 2 2 2 2 2 1 3 1 4 1 4 3 1 3 2 1 2 5 3 1 3 2
5 1 2 2 5 1 5 1 2 3 4 1 1 2 2 2 2 6 2 2 1 2 2 2 2 2 2 1 4 2 2 2 2 2 1 3 1 4 1 3 2 1 3 2 1 2 5 3 1 3 2
5 1 2 2 5 1 5 1 2 3 4 1 0 2 2 2 2 6 2 2 1 2 2 2 2 2 2 1 4 2 2 2 2 2 1 3 1 4 1 3 2 1 3 2 1 2 5 3 1 3 2
5 1 2 2 5 1 5 0 2 3 4 1 0 2 2 2 2 6 2 2 1 2 2 2 2 2 2 1 4 2 2 2 2 2 1 3 1 4 1 3 2 1 3 2 1 2 5 3 1 3 2
5 1 2 2 5 1 5 0 2 3 4 1 0 2 2 2 2 6 2 2 1 2 2 2 2 2 2 1 4 2 2 1 2 2 1 3 1 4 1 3 2 1 3 2 1 2 5 3 1 3 2
5 1 2 2 5 1 5 0 2 3 4 1 0 2 2 2 2 6 2 2 1 2 2 2 2 2 2 0 4 2 2 1 2 2 1 3 1 4 1 3 2 1 3 2 1 2 5 3 1 3 2
5 1 2 2 5 1 5 0 2 3 4 1 0 2 2 2 2 6 2 2 1 2 2 2 2 2 2 0 4 2 2 1 2 2 1 3 1 4 1 3 2 1 3 2 1 2 5 3 1 3 1
5 1 2 2 5 1 5 0 2 3 4 1 0 2 2 2 2 6 2 2 1 2 2 2 2 2 2 0 4 2 2 1 2 2 1 3 1 130163803384010656 1 3 2 1 3 2 1 2 5 3 1 3 1
5 1 2 2 5 1 5 0 2 3 4 1 0 2 2 2 2 6 2 2 1 2 2 2 2 2 2 0 4 2 2 1 2 2 1 3 1 260629976186968192 1 3 2 1 3 2 1 2 5 3 1 3 1
5 1 2 2 5 1 5 0 2 3 4 1 0 2 2 2 2 6 2 2 1 2 2 2 2 2 2 0 4 2 2 1 2 2 1 3 1 260629961766432000 1 3 2 1 3 2 1 2 5 3 1 3 1
5 1 2 2 5 1 5 0 2 3 4 1 0 2 2 2 2 6 2 2 1 2 2 2 2 2 2 0 4 2 2 1 2 2 1 3 1 3 1 3 2 1 3 2 1 2 5 3 1 3 1
