2575 44380 1179 4750 1382 1664 5319 3656 2034 549 10617 1136 6606 2741 1493 161271 3962 1784 29317 3223 1096 1151 65193 1047 18571 1374 1065 7991 21785 2661 44160 2332 3957 2659 13918 3050 14205 1895 280715 11255 1074 1866 561 2391 1423 16065 2477 8858 18347 6250 2750
58 162 765 43 7 137 5 286 159 10 59 420 191 1534 96 294 95 77 73 301 161 65 235 2 274 3 154 208 449 306 527 424 242 135 1159 79 674 12 413 179 107 217 4 65 115 73 78 160 376 30 429
162 163 272 163 2 163 0 72 163 3 95 270 13 270 161 270 163 66 66 24 163 64 71 1 271 1 163 66 432 77 64 270 161 162 314 63 66 1 66 66 76 64 1 63 63 162 66 163 48 1 89
163 163 270 163 1 163 0 121 163 2 151 270 5 270 163 270 164 65 64 6 163 63 25 1 270 1 164 66 432 68 63 270 163 163 281 63 64 1 64 66 132 63 1 63 63 164 63 163 9 1 131
163 164 270 163 1 164 0 160 164 1 162 270 1 270 163 270 164 63 63 1 163 63 3 1 270 0 164 63 431 63 63 269 163 163 270 63 63 1 63 63 159 63 1 63 63 164 63 163 0 1 160
163 164 270 163 1 164 0 164 164 1 164 270 1 270 163 270 164 63 63 1 163 63 1 1 270 0 164 63 431 63 63 269 163 163 269 63 63 1 63 63 164 63 1 63 63 164 63 163 0 1 164
163 164 270 163 1 164 0 164 164 1 164 270 1 270 163 270 164 63 63 1 163 63 1 1 270 0 164 63 431 63 63 269 163 163 269 63 63 1 63 63 164 63 1 63 63 164 63 163 0 1 164
163 164 270 163 1 164 0 164 164 1 164 270 1 270 163 270 164 63 63 1 163 63 1 1 270 0 164 63 431 63 63 269 163 163 269 63 63 1 63 63 164 63 1 63 63 164 63 163 0 1 164
163 164 270 163 1 164 0 164 164 1 164 270 1 270 163 270 164 63 63 1 163 63 1 1 270 0 164 63 431 63 63 269 163 163 269 63 63 1 63 63 164 63 1 63 63 163 63 163 0 1 164
163 164 270 163 1 164 0 164 164 1 164 270 1 270 163 270 164 63 63 1 163 63 1 1 270 0 164 63 431 63 63 269 163 163 269 63 65 1 63 63 164 63 1 63 63 163 63 163 0 1 164
163 164 270 163 1 164 0 164 164 1 164 270 1 270 150 270 164 63 63 1 91318727251 63 1 1 270 0 164 63 431 63 63 269 232385639900 163 269 63 63 1 63 63 164 63 232385627071 63 98 164 63 163 0 1 164
163 164 270 163 1 164 0 164 164 29523232602 164 270 1 270 163 270 164 63 63 1 617 63 1 1 270 0 268715424166 63 431 63 63 269 143649244170 163 269 63 64 1 63 63 164 63 13999398 63 63 164 63 163 0 1 164
163 164 232385594664 163 1 164 0 164 164 708 164 270 1 270 163 270 101300360369 63 63 1 614 63 867 1 270 0 270 63 431 63 63 269 271 163 269 63 65 1 232385639677 63 164 63 157 63 63 268715436660 63 163 0 101300397689 164
163 164 3068 163 1 164 0 164 164 281 164 270 372474587808 268715436660 163 270 163 63 63 1 614 63 232385594886 1 270 0 270 63 431 63 63 269 270 163 269 3160 63 1 322 63 164 63 164 63 232385640835 4311264960 63 163 0 8555 164
