433 476 1 0 0 429 468 1 527 0 0 1 496 3 468 466 1 0 586 491 479 465 0 487 437 0 0 453 442 688 389 483 477 455 1 457 0 2 1 481 0 0 438 1 452 507 0 0 0 480 1
429 475 0 0 0 429 465 0 506 0 0 0 494 0 467 452 0 0 576 489 471 461 0 479 436 0 0 452 439 688 388 478 473 448 0 451 0 0 0 474 0 0 437 0 439 506 0 0 0 471 0
429 475 0 0 0 429 465 0 506 0 0 0 494 0 467 452 0 0 576 489 470 461 0 479 436 0 0 452 439 688 388 478 473 448 0 451 0 0 0 474 0 0 437 0 434 506 0 0 0 470 0
429 475 0 0 0 429 465 0 506 0 0 0 494 0 467 452 0 0 576 489 734 461 0 479 436 0 0 452 439 688 388 478 473 448 0 451 0 0 0 437313 0 0 437 0 434 506 0 0 0 470 0
429 475 0 0 0 429 7521 0 506 0 0 0 494 0 467 452 0 0 576 489 609 461 0 479 436 0 0 452 439 688 388 478 473 448 0 451 0 0 0 510 0 0 437 0 434 506 0 0 0 6228 0
429 475 0 0 0 429 463 0 506 0 0 0 494 0 467 452 0 0 576 489 609 461 0 479 436 0 0 452 439 688 388 478 473 448 0 451 0 0 0 509 0 0 437 0 434 506 0 0 0 575 0
429 475 0 0 0 429 463 0 506 0 0 0 494 0 467 452 0 0 576 489 609 461 0 479 436 0 0 452 439 688 388 478 473 448 0 451 0 0 0 509 0 0 437 0 434 506 0 0 0 575 0
429 475 0 0 0 429 463 0 506 0 0 0 494 0 467 452 0 0 576 489 609 461 0 479 436 0 0 452 439 688 388 478 473 448 0 451 0 0 0 509 0 0 437 0 434 506 0 0 0 575 0
429 475 0 0 0 429 463 0 506 0 0 0 494 0 467 452 0 0 576 489 609 461 0 479 436 0 0 452 439 688 388 478 473 448 0 451 0 0 0 509 0 0 437 0 434 506 0 0 0 575 0
429 475 0 0 0 429 463 0 506 0 0 0 494 0 467 452 0 0 576 489 609 461 0 479 436 0 0 452 439 688 388 478 473 448 0 451 0 0 0 509 0 0 437 0 434 506 0 0 0 575 0
429 475 0 0 0 429 463 0 506 0 0 0 494 0 467 452 0 0 576 489 609 461 0 479 436 0 0 452 439 688 388 478 473 448 0 451 0 0 0 509 0 0 437 0 434 506 0 0 0 575 0
429 475 0 0 0 429 463 0 506 0 0 0 494 0 467 452 0 0 576 489 609 461 0 479 436 0 0 452 439 688 388 478 473 448 0 451 0 0 0 509 0 0 437 0 434 506 0 0 0 575 0
429 475 0 0 0 429 463 0 506 0 0 0 494 0 467 452 0 0 576 489 609 461 0 479 436 0 0 452 439 688 388 478 473 448 0 451 0 0 0 509 0 0 437 0 434 506 0 0 0 575 0
429 475 0 0 0 429 463 0 506 0 0 0 494 0 467 452 0 0 576 489 609 461 0 479 436 0 0 452 439 688 388 478 473 448 0 451 0 0 0 509 0 0 437 0 434 506 0 0 0 575 0
